868 375 7343
868 375 7510
868 379 7677
868 382 7844
868 387 8011
866 397 8178
866 401 8345
865 400 8512
865 403 8679
865 412 8846
865 414 9013
865 415 9180
865 418 9347
865 418 9514
865 418 9681
865 418 9848
865 421 10015
865 421 10182
865 420 10349
865 420 10516
865 420 10683
865 418 10850
865 420 11017
865 420 11184
865 420 11351
865 420 11518
865 415 11685
865 414 11852
864 411 12019
864 405 12186
862 400 12353
862 400 12520
862 400 12687
862 398 12854
862 397 13021
861 395 13188
860 394 13355
860 394 13522
860 394 13689
862 393 13856
862 393 14023
861 392 14190
861 392 14357
861 390 14524
861 390 14691
861 390 14858
861 390 15025
861 390 15192
861 390 15359
861 390 15526
861 390 15693
861 390 15860
861 390 16027
861 390 16194
861 390 16361
861 390 16528
861 390 16695
861 390 16862
861 389 17029
861 389 17196
861 389 17363
861 389 17530
863 383 17697
864 380 17864
867 375 18031
867 374 18198
867 369 18365
868 365 18532
867 362 18699
867 360 18866
869 355 19033
869 349 19200
869 345 19367
869 345 19534
869 342 19701
869 341 19868
869 338 20035
870 338 20202
870 338 20369
869 335 20536
869 335 20703
869 332 20870
869 332 21037
869 332 21204
869 332 21371
869 332 21538
869 333 21705
869 337 21872
868 340 22039
868 343 22206
868 345 22373
867 346 22540
867 345 22707
867 351 22874
866 351 23041
866 353 23208
866 358 23375
866 358 23542
866 358 23709
866 360 23876
866 363 24043
866 363 24210
866 364 24377
866 364 24544
865 364 24711
865 364 24878
865 366 25045
865 368 25212
865 368 25379
865 368 25546
865 368 25713
865 368 25880
865 368 26047
865 371 26214
865 371 26381
865 372 26548
865 372 26715
865 372 26882
865 371 27049
